,col1,col2
0,1,6.747245788574219e-05
1,2,4.172325134277344e-05
2,3,7.2479248046875e-05
3,4,0.00012302398681640625
4,5,0.00019168853759765625
5,6,0.00024390220642089844
6,7,0.00030517578125
7,8,0.0005199909210205078
8,9,0.0005471706390380859
9,10,0.0007128715515136719
10,11,0.0008666515350341797
11,12,0.0009655952453613281
12,13,0.001104593276977539
13,14,0.0013298988342285156
14,15,0.0015044212341308594
15,16,0.001718759536743164
16,17,0.0018565654754638672
17,18,0.0020742416381835938
18,19,0.0024814605712890625
19,20,0.0026934146881103516
20,21,0.0028200149536132812
21,22,0.003343820571899414
22,23,0.003511667251586914
23,24,0.00380706787109375
24,25,0.004309415817260742
25,26,0.004343271255493164
26,27,0.004779815673828125
27,28,0.0051517486572265625
28,29,0.005539894104003906
29,30,0.006247043609619141
30,31,0.006918668746948242
31,32,0.0070629119873046875
32,33,0.007998943328857422
33,34,0.007914304733276367
34,35,0.008785247802734375
35,36,0.00939178466796875
36,37,0.009862899780273438
37,38,0.010354757308959961
38,39,0.010908365249633789
39,40,0.011705398559570312
40,41,0.011857748031616211
41,42,0.013016700744628906
42,43,0.013646602630615234
43,44,0.013813257217407227
44,45,0.015141010284423828
45,46,0.015680789947509766
46,47,0.016687870025634766
47,48,0.016872167587280273
48,49,0.01831340789794922
49,50,0.018821001052856445
50,51,0.018548011779785156
51,52,0.020613908767700195
52,53,0.020146608352661133
53,54,0.021058320999145508
54,55,0.022420167922973633
55,56,0.022696495056152344
56,57,0.02417135238647461
57,58,0.02578449249267578
58,59,0.02625274658203125
59,60,0.027276992797851562
60,61,0.02742791175842285
61,62,0.028824806213378906
62,63,0.0314023494720459
63,64,0.03127264976501465
64,65,0.03173828125
65,66,0.03364992141723633
66,67,0.03377342224121094
67,68,0.03473520278930664
68,69,0.035973548889160156
69,70,0.03758049011230469
70,71,0.04044985771179199
71,72,0.03956961631774902
72,73,0.04007101058959961
73,74,0.04227566719055176
74,75,0.044592857360839844
75,76,0.045781850814819336
76,77,0.04780006408691406
77,78,0.0465850830078125
78,79,0.04941201210021973
79,80,0.050362348556518555
80,81,0.04962491989135742
81,82,0.05070304870605469
82,83,0.05192255973815918
83,84,0.053719520568847656
84,85,0.053519248962402344
85,86,0.0563204288482666
86,87,0.05887031555175781
87,88,0.060007333755493164
88,89,0.06171226501464844
89,90,0.06340718269348145
90,91,0.06370973587036133
91,92,0.06521868705749512
92,93,0.06835556030273438
93,94,0.07147979736328125
94,95,0.06963467597961426
95,96,0.06868481636047363
96,97,0.06873536109924316
97,98,0.0749807357788086
98,99,0.07916951179504395
99,100,0.07688045501708984
100,101,0.08205485343933105
101,102,0.08362364768981934
102,103,0.08495688438415527
103,104,0.0870370864868164
104,105,0.08847379684448242
105,106,0.0887446403503418
106,107,0.09295988082885742
107,108,0.09398221969604492
108,109,0.09559941291809082
109,110,0.09645962715148926
110,111,0.0970313549041748
111,112,0.10126519203186035
112,113,0.10275506973266602
113,114,0.10390758514404297
114,115,0.10484910011291504
115,116,0.10705113410949707
116,117,0.11210107803344727
117,118,0.11172199249267578
118,119,0.1097872257232666
119,120,0.11346435546875
120,121,0.12291240692138672
121,122,0.11874175071716309
122,123,0.12070035934448242
123,124,0.11985611915588379
124,125,0.12259483337402344
125,126,0.12784361839294434
126,127,0.1277773380279541
127,128,0.1334853172302246
128,129,0.13060212135314941
129,130,0.13416671752929688
130,131,0.1336536407470703
131,132,0.13915705680847168
132,133,0.14426660537719727
133,134,0.14661169052124023
134,135,0.14652299880981445
135,136,0.15470314025878906
136,137,0.15094232559204102
137,138,0.15341472625732422
138,139,0.16172409057617188
139,140,0.1632688045501709
140,141,0.16245222091674805
141,142,0.16187000274658203
142,143,0.16517186164855957
143,144,0.16637158393859863
144,145,0.1670854091644287
145,146,0.16961312294006348
146,147,0.17528009414672852
147,148,0.1722855567932129
148,149,0.17703652381896973
149,150,0.18051624298095703
150,151,0.18495893478393555
151,152,0.18959498405456543
152,153,0.19098687171936035
153,154,0.19114184379577637
154,155,0.19292902946472168
155,156,0.1934359073638916
156,157,0.2019031047821045
157,158,0.20171070098876953
158,159,0.20544147491455078
159,160,0.20699119567871094
160,161,0.21829891204833984
161,162,0.20965361595153809
162,163,0.21999454498291016
163,164,0.22227025032043457
164,165,0.22092914581298828
165,166,0.22699546813964844
166,167,0.22532081604003906
167,168,0.23423314094543457
168,169,0.22989201545715332
169,170,0.23482370376586914
170,171,0.24155211448669434
171,172,0.24166584014892578
172,173,0.23900580406188965
173,174,0.24869418144226074
174,175,0.2471449375152588
175,176,0.25240182876586914
176,177,0.25484418869018555
177,178,0.25911593437194824
178,179,0.26299428939819336
179,180,0.2599334716796875
180,181,0.26458191871643066
181,182,0.2781221866607666
182,183,0.2738800048828125
183,184,0.2795732021331787
184,185,0.2766225337982178
185,186,0.28127384185791016
186,187,0.27248191833496094
187,188,0.29263949394226074
188,189,0.2919125556945801
189,190,0.29199934005737305
190,191,0.31028127670288086
191,192,0.2973663806915283
192,193,0.30557870864868164
193,194,0.3048408031463623
194,195,0.31411194801330566
195,196,0.31084251403808594
196,197,0.3125638961791992
197,198,0.3195054531097412
198,199,0.3253500461578369
199,200,0.3276655673980713
200,201,0.32884764671325684
201,202,0.33942127227783203
202,203,0.34026145935058594
203,204,0.3494527339935303
204,205,0.3364119529724121
205,206,0.35031747817993164
206,207,0.37245869636535645
207,208,0.3617534637451172
208,209,0.38343334197998047
209,210,0.36684727668762207
210,211,0.3595619201660156
211,212,0.3664712905883789
212,213,0.3752706050872803
213,214,0.37656164169311523
214,215,0.3818013668060303
215,216,0.3805527687072754
216,217,0.3847832679748535
217,218,0.38942480087280273
218,219,0.3903169631958008
219,220,0.4040710926055908
220,221,0.39502835273742676
221,222,0.4053061008453369
222,223,0.3907907009124756
223,224,0.40648818016052246
224,225,0.41119813919067383
225,226,0.42624735832214355
226,227,0.4214003086090088
227,228,0.43543124198913574
228,229,0.4208095073699951
229,230,0.4308614730834961
230,231,0.46172451972961426
231,232,0.4339895248413086
232,233,0.4489624500274658
233,234,0.4540114402770996
234,235,0.4650900363922119
235,236,0.45815515518188477
236,237,0.4633338451385498
237,238,0.46761226654052734
238,239,0.46325111389160156
239,240,0.4688150882720947
240,241,0.48525166511535645
241,242,0.47156262397766113
242,243,0.47551727294921875
243,244,0.48220086097717285
244,245,0.48419666290283203
245,246,0.4994540214538574
246,247,0.5153872966766357
247,248,0.5028388500213623
248,249,0.5050430297851562
249,250,0.5090219974517822
250,251,0.5076248645782471
251,252,0.5282466411590576
252,253,0.5229566097259521
253,254,0.5307226181030273
254,255,0.5289011001586914
255,256,0.5713965892791748
256,257,0.5472452640533447
257,258,0.5383529663085938
258,259,0.5514097213745117
259,260,0.5505125522613525
260,261,0.5564713478088379
261,262,0.5654497146606445
262,263,0.5730161666870117
263,264,0.5643877983093262
264,265,0.5731844902038574
265,266,0.5772700309753418
266,267,0.595451831817627
267,268,0.5889074802398682
268,269,0.596351146697998
269,270,0.5974321365356445
270,271,0.599409818649292
271,272,0.6060018539428711
272,273,0.6386754512786865
273,274,0.6228973865509033
274,275,0.6232237815856934
275,276,0.6514358520507812
276,277,0.6441471576690674
277,278,0.639836311340332
278,279,0.6500699520111084
279,280,0.6666734218597412
280,281,0.6412310600280762
281,282,0.6423065662384033
282,283,0.6569991111755371
283,284,0.6475553512573242
284,285,0.6774604320526123
285,286,0.6830849647521973
286,287,0.6706733703613281
287,288,0.689406156539917
288,289,0.6934809684753418
289,290,0.6984777450561523
290,291,0.6851890087127686
291,292,0.6927676200866699
292,293,0.7084519863128662
293,294,0.7171435356140137
294,295,0.6997120380401611
295,296,0.7216241359710693
296,297,0.7268781661987305
297,298,0.737053632736206
298,299,0.7189207077026367
299,300,0.7442247867584229
300,301,0.7519948482513428
301,302,0.751366138458252
302,303,0.7499229907989502
303,304,0.7571775913238525
304,305,0.7470953464508057
305,306,0.7712066173553467
306,307,0.7723689079284668
307,308,0.770026683807373
308,309,0.776831865310669
309,310,0.7948729991912842
310,311,0.7950718402862549
311,312,0.7937116622924805
312,313,0.8082795143127441
313,314,0.8021857738494873
314,315,0.8142569065093994
315,316,0.8080253601074219
316,317,0.8299267292022705
317,318,0.8449347019195557
318,319,0.8230783939361572
319,320,0.8377323150634766
320,321,0.8219568729400635
321,322,0.8585331439971924
322,323,0.8523175716400146
323,324,0.8661975860595703
324,325,0.8727705478668213
325,326,0.8701386451721191
326,327,0.8713688850402832
327,328,0.8863706588745117
328,329,0.9005646705627441
329,330,0.8818297386169434
330,331,0.8981838226318359
331,332,0.9012517929077148
332,333,0.9137024879455566
333,334,0.9155220985412598
334,335,0.9016234874725342
335,336,0.9164862632751465
336,337,0.9225389957427979
337,338,0.9425258636474609
338,339,0.9310896396636963
339,340,0.9559199810028076
340,341,0.9466972351074219
341,342,0.9478416442871094
342,343,0.9573862552642822
343,344,0.9743807315826416
344,345,0.9576985836029053
345,346,0.9866628646850586
346,347,0.9692943096160889
347,348,0.9795854091644287
348,349,0.9967622756958008
349,350,1.0068106651306152
350,351,1.0692133903503418
351,352,1.0596952438354492
352,353,1.066117286682129
353,354,1.0605874061584473
354,355,1.0549063682556152
355,356,1.0486440658569336
356,357,1.065211296081543
357,358,1.058157205581665
358,359,1.0656688213348389
359,360,1.0698215961456299
360,361,1.0733113288879395
361,362,1.0858514308929443
362,363,1.0561320781707764
363,364,1.1552445888519287
364,365,1.1491620540618896
365,366,1.119213342666626
366,367,1.0936291217803955
367,368,1.0997674465179443
368,369,1.1112942695617676
369,370,1.1406152248382568
370,371,1.1446468830108643
371,372,1.1259517669677734
372,373,1.1230347156524658
373,374,1.1289162635803223
374,375,1.1398236751556396
375,376,1.173382043838501
376,377,1.1733393669128418
377,378,1.1729586124420166
378,379,1.1976337432861328
379,380,1.1671700477600098
380,381,1.1717307567596436
381,382,1.179610013961792
382,383,1.1914610862731934
383,384,1.2059764862060547
384,385,1.2261605262756348
385,386,1.2156248092651367
386,387,1.2335600852966309
387,388,1.2341303825378418
388,389,1.2491445541381836
389,390,1.2649941444396973
390,391,1.2450129985809326
391,392,1.2620253562927246
392,393,1.2532086372375488
393,394,1.262505054473877
394,395,1.2879464626312256
395,396,1.2848687171936035
396,397,1.2872898578643799
397,398,1.2826354503631592
398,399,1.306917667388916
